1 -22.8028 -9.76511 -0.00248834
2 -23.9548 -10.7086 -0.0023682
3 -25.2883 -11.4595 -0.00335431
4 -26.1628 -12.6725 -0.00196811
5 -26.9096 -13.9268 9.32609e-05
6 -26.5637 -14.5771 0.00335994
7 -26.6783 -16.0128 0.00618288
8 -27.0371 -17.2475 0.00905851
9 -28.5239 -17.5156 0.00929323
10 -28.9211 -17.0583 0.00928005
11 -28.1747 -15.963 0.00980786
12 -26.632 -15.521 0.0133939
13 -27.0352 -15.2051 0.0161935
14 -28.6975 -14.8359 0.0168021
15 -29.1761 -14.8527 0.0181484
16 -30.7985 -14.4321 0.01766
17 -30.9843 -13.3734 0.0157264
18 -30.8039 -12.4758 0.0137205
19 -33.3861 -11.6979 0.0104638
20 -35.4191 -10.2396 0.00811323
21 -36.1745 -9.55235 0.00972893
22 -36.3684 -7.69064 0.0042682
23 -35.4955 -6.09421 0.00211729
24 -37.04 -6.12728 0.00240396
25 -38.1315 -5.84453 0.00187981
26 -38.895 -5.25292 0.00149325
27 -40.207 -4.78706 0.00158493
28 -39.9293 -3.47381 0.001269
29 -38.289 -1.44968 0.000636341
30 -36.8646 1.21109 -0.00179944
31 -35.087 3.16696 -0.00538234
32 -34.4244 5.44487 -0.00888191
33 -33.2899 5.27426 -0.0103083
34 -30.2291 5.21737 -0.0111346
35 -27.9832 5.15412 -0.0144014
36 -27.6491 2.63672 -0.0122346
37 -27.9417 0.551634 -0.00996353
38 -24.0488 1.75373 -0.0112421
39 -17.4807 -1.82684 -0.00414628
40 -9.39718 -6.72388 0.00516305
41 -5.98843 -7.36701 0.00874513
42 -6.26767 -8.36276 0.00801106
43 -2.53291 -9.76072 0.0126665
44 1.74816 -11.4896 0.0186645
45 3.92276 -13.5112 0.0215442
46 2.07067 -14.8002 0.0243848
47 4.08817 -16.1203 0.0244291
48 3.14894 -13.0179 0.0184683
49 2.59406 -13.1984 0.0158503
50 2.1576 -11.1877 0.0108039
51 6.5769 -12.0954 0.0100083
52 5.3565 -13.7002 0.0138005
53 5.97273 -13.2032 0.0117563
54 5.48405 -13.0824 0.00908903
55 7.33688 -12.1709 0.0109025
56 8.55516 -10.8535 0.0122483
57 10.8965 -10.1163 0.0156549
58 11.2125 -10.4226 0.018783
59 12.6465 -10.8626 0.0222315
60 11.3479 -10.9373 0.020782
61 15.0791 -9.15907 0.0197237
62 20.1555 -10.6999 0.0266535
63 21.3076 -11.3816 0.0316583
64 23.712 -11.9126 0.0354134
65 27.8915 -12.9601 0.0378512
66 33.3064 -13.9505 0.0420452
67 35.6977 -16.6902 0.0463096
68 33.5897 -15.7309 0.0469057
69 34.9871 -15.6617 0.0442116
70 38.0011 -15.6759 0.0467967
71 37.1244 -16.913 0.0495021
72 32.2427 -15.4127 0.0482258
73 34.2379 -13.0989 0.0417527
74 34.108 -12.3426 0.0378707
75 32.1101 -9.59975 0.0300824
76 24.0451 -5.00969 0.0192809
77 21.4602 7.93894 0.0172498
78 14.2837 6.28214 0.0145379
79 9.23714 6.60972 0.00760934
80 3.62121 8.41921 -0.00036003
81 -1.24902 6.88105 -0.000318948
82 -3.80162 5.3142 0.00423159
83 -1.20083 2.99751 0.00740091
84 -3.88706 3.33662 0.00609076
85 -3.24753 3.76705 0.0031782
86 0.327041 4.09325 0.00373315
87 2.90981 3.32828 0.00534415
88 5.78441 1.87702 0.0100743
89 7.42851 0.213003 0.0151883
90 9.08489 -0.265277 0.0125166
91 12.5158 1.01837 0.00757079
92 13.651 -0.473941 0.010419
93 13.6129 -3.13903 0.014842
94 14.9006 -6.81189 0.0217995
95 14.3456 -10.65 0.0262576
96 14.068 -13.7124 0.0313704
97 14.6237 -15.7326 0.0352196
98 15.643 -17.4134 0.0385208
99 15.557 -18.6399 0.0430829
100 13.4309 -18.1075 0.0407482
101 12.5979 -13.8627 0.0312646
102 13.4671 -12.2652 0.0250985
103 9.38329 -8.64625 0.0142379
104 7.08158 -5.26059 -0.000264554
105 1.81982 -6.20202 -0.0109243
106 -6.74211 -8.0233 -0.00953397
107 -14.9684 -8.74296 -0.0103935
108 -21.8624 -8.7677 -0.0185727
109 -32.0927 -6.49152 -0.0280651
110 -41.7748 -4.21438 -0.0372678
111 -46.1167 -3.31006 -0.0344431
112 -46.4409 -0.610403 -0.0311133
113 -49.5368 -0.48981 -0.0283267
114 -52.2062 -0.256974 -0.0267652
115 -53.7883 0.0487031 -0.0241991
116 -53.2092 2.94448 -0.0240728
117 -47.7688 3.81074 -0.0223323
118 -41.7028 3.80918 -0.020137
119 -35.2506 4.18618 -0.0189882
120 -31.3503 3.75209 -0.015151
121 -26.0687 2.7015 -0.0110337
122 -15.3529 3.45317 -0.0107953
123 -0.333824 0.275155 -0.00237786
124 9.66654 -4.8633 0.011608
125 22.5348 -4.8694 0.0203056
126 34.7326 -4.47914 0.0277179
127 47.0694 -9.17701 0.0377745
128 59.6916 -8.8741 0.0452953
129 69.9764 -10.9386 0.0503861
130 72.7698 -10.1374 0.0465993
131 74.5925 -8.47979 0.039697
132 76.3698 -5.78889 0.0329098
133 76.8482 -1.63328 0.0233271
134 78.0293 -2.06098 0.0148523
135 82.0574 -1.19423 0.0107575
136 83.1217 -1.79233 0.00358034
137 81.2654 -2.50543 -0.0041244
138 73.9081 -5.60996 -0.0138646
139 68.3204 -6.49198 -0.0163387
140 62.4845 -6.30489 -0.0145486
141 56.959 -5.67938 -0.0127478
142 52.6684 -5.65871 -0.00988383
143 48.3503 -5.37721 -0.00819101
144 45.4154 -5.38815 -0.00534601
145 42.7817 -4.36166 -0.0009797
146 40.6499 -3.88579 0.00314567
147 40.0813 -3.00199 0.00736498
148 39.9883 -4.02766 0.0129054
149 39.0241 -5.98663 0.0164591
150 40.3033 -8.94638 0.0217018
151 41.6878 -9.95363 0.0266111
152 43.5538 -10.7936 0.0234941
153 43.3024 -10.7252 0.0219068
154 44.5001 -10.4169 0.0228769
155 47.747 -12.1818 0.0286556
156 52.0699 -13.8112 0.0382455
157 56.097 -16.2917 0.048755
158 60.1961 -18.2111 0.0573199
159 64.0199 -19.5332 0.0630591
160 66.463 -20.11 0.0666585
161 63.1797 -21.4268 0.0655526
162 61.09 -19.4943 0.0618027
163 57.0455 -17.9389 0.0538499
164 52.6388 -13.3507 0.0431568
165 47.0205 -7.26037 0.025453
166 41.4715 -2.29401 0.0131376
167 35.5051 0.640738 0.00407925
168 34.0933 1.39211 -0.0014204
169 30.3598 1.39932 -0.0034399
170 20.21 -0.521527 -0.010783
171 14.1027 2.15762 -0.0161854
172 10.5766 1.96374 -0.0172167
173 9.36101 0.948749 -0.0154534
174 9.921 -1.02348 -0.0102893
175 10.1938 -1.08157 -0.00919097
176 8.53768 0.374158 -0.0152904
177 11.0035 3.14246 -0.0124833
178 14.4987 4.75031 -0.00637521
179 20.5922 6.19732 0.000289621
180 23.3434 7.84154 0.00468346
181 23.9068 5.6406 0.0116848
182 28.6389 7.6951 0.0178834
183 33.692 7.1008 0.020742
184 32.8523 7.51978 0.0198109
185 30.2864 1.75043 0.0270935
186 29.4872 3.09413 0.0247598
187 30.933 1.75292 0.0243458
188 34.142 0.675727 0.0291777
189 34.7869 2.67193 0.033513
190 32.9327 1.02086 0.0349001
191 29.1146 -0.893203 0.036675
192 27.2632 -1.69338 0.0371965
193 27.3398 -4.52391 0.0385879
194 23.9644 -8.84159 0.0435512
195 15.949 -4.70003 0.0427361
196 11.4838 -6.33792 0.0397373
197 7.4394 -6.16767 0.0344595
198 5.16456 -6.91555 0.0330266
199 3.53738 -7.67629 0.0324182
200 1.19278 -6.89736 0.0288021
201 -3.78941 -8.19313 0.0254144
202 -6.33728 -10.2633 0.0213298
203 -10.843 -7.10882 0.0130134
204 -14.6458 -5.97335 0.00511936
205 -15.4008 -7.07937 0.00409933
206 -22.0841 -10.1564 0.00522035
207 -25.681 -10.4885 0.00731201
208 -26.3999 -11.9578 0.0093426
209 -26.7778 -11.7786 0.00986145
210 -26.9534 -10.878 0.0105031
211 -26.1784 -8.66894 0.00918577
212 -23.9899 -7.44713 0.00910897
213 -23.3544 -6.3619 0.00894787
214 -22.3385 -5.30017 0.0069843
215 -20.3213 -2.50951 0.00681904
216 -19.0987 -0.568128 0.00577478
217 -17.8716 0.306792 0.00491631
218 -19.1567 5.6967 0.00105542
219 -20.3549 8.29766 -0.00345839
220 -20.6397 9.69569 -0.00625835
221 -20.0673 14.0035 -0.00857635
222 -19.2614 16.4286 -0.00877342
223 -15.2974 14.1123 -0.00232431
224 -12.6095 12.6797 0.00492159
225 -7.36967 10.1267 0.019359
226 -3.87629 9.24974 0.0276452
227 -3.89683 7.12191 0.0344833
228 -2.39832 7.12731 0.0366239
229 -3.3763 7.48961 0.0339545
230 -2.09579 7.48243 0.0338498
231 -2.68881 7.51388 0.0319247
232 -6.50016 7.80429 0.0256527
233 -11.6747 13.8177 0.0140351
234 -15.5039 20.2704 0.00197159
235 -20.0156 21.0062 -0.0147886
236 -27.8712 26.2181 -0.0312926
237 -35.0988 28.5643 -0.0455751
238 -40.6919 33.2665 -0.0631792
239 -48.4495 33.8625 -0.0760099
240 -51.8711 34.4707 -0.0817855
241 -55.7942 33.7 -0.0869448
242 -60.0282 32.765 -0.092297
243 -68.2754 31.9319 -0.0960001
244 -70.3163 29.7512 -0.0972037
245 -71.1867 29.1274 -0.0996492
246 -71.4114 26.4839 -0.0976124
247 -71.7588 23.3407 -0.0925513
248 -71.2543 20.4824 -0.0895985
249 -68.7436 17.6031 -0.0872693
250 -66.7112 14.115 -0.0832415
251 -64.7951 10.538 -0.0780128
252 -61.4802 7.15064 -0.0737471
253 -56.9545 3.78626 -0.0679466
254 -50.6274 0.235924 -0.0598753
255 -45.5733 -2.06687 -0.0576499
256 -40.0063 -4.23121 -0.0543847
257 -33.8842 -1.49714 -0.0519866
258 -27.4972 -2.97037 -0.0487547
259 -22.7969 -4.61581 -0.0451276
260 -18.6808 -6.27522 -0.0421459
261 -14.7597 -6.61067 -0.0425841
262 -11.3154 -6.50223 -0.0436621
263 -7.62796 -6.44424 -0.042736
264 -5.4047 -6.01303 -0.0417077
