1 -0.0576146 0.103072 0.000567824
2 -0.0202767 -0.0770157 0.00167245
3 -0.590779 0.395565 -0.000629599
4 -0.767586 0.517049 -0.00139522
5 -1.88777 -0.0272163 -0.00268434
6 -1.56707 0.722675 -0.00221806
7 -1.52431 0.614136 -0.00246998
8 -0.621096 -0.233629 -6.93996e-05
9 -1.79987 -0.956582 0.000101662
10 -2.93636 -1.58523 -0.000399553
11 -3.82175 -0.914743 -0.00354471
12 -1.97127 -0.767009 -0.00286543
13 -0.750263 -0.795835 -0.000696933
14 -1.87946 -0.40892 -0.00145227
15 -0.766081 -0.84455 0.000428662
16 -2.1662 -1.57589 0.00204848
17 -2.50467 -1.43469 0.00221811
18 0.282803 -1.37851 0.00361066
19 -0.33917 -2.06011 0.00275348
20 -1.57512 -1.27601 -0.00125789
21 -2.1312 -2.479 0.00588952
22 -3.17211 -2.23442 0.00266093
23 -0.774744 -0.63988 0.000218239
24 -1.23556 -0.996446 0.00103365
25 -1.59194 -1.33364 0.00086374
26 -1.03465 -1.2163 0.000359703
27 -2.63495 -2.0693 0.00073935
28 -3.96146 -2.79201 0.00111465
29 -3.79439 -3.47046 0.00296656
30 -4.21534 -2.75009 0.00402835
31 -4.56426 -3.55761 0.00402571
32 -5.13498 -1.13448 0.00190818
33 -7.1783 -1.27256 0.00132226
34 -6.4971 -1.29414 0.00376143
35 -4.65056 1.1691 -0.00165243
36 -4.01887 0.673109 -0.00168473
37 -8.2544 -2.66296 0.0019987
38 -11.0176 2.08313 -0.00636135
39 -12.5365 3.39382 -0.00856128
40 -7.779 -0.902161 -0.00274289
41 -4.10406 -0.617683 0.00180758
42 -8.12319 -0.261147 -0.00339549
43 -8.66032 -0.00846904 -0.00452164
44 -6.42414 0.169085 -0.00112287
45 -2.37263 -0.809281 -0.000974675
46 -6.11583 -0.772596 0.00191746
47 -3.0588 -5.22506 0.00808728
48 -3.37736 -1.99748 0.00490248
49 -3.4299 -4.17911 0.00737141
50 -8.2361 -1.26418 0.00315417
51 -2.62046 -0.538916 -0.00149459
52 -4.37617 -2.66023 0.00440673
53 -3.28285 -2.33217 0.00516236
54 -5.67662 -3.16339 0.00074454
55 -5.07216 -3.58658 0.00126194
56 -6.23975 -3.01479 -0.000790705
57 -4.21211 -1.9625 -0.000516001
58 -5.30681 -1.82752 -0.000719379
59 -2.5836 -2.20923 0.00430309
60 -7.57945 -4.04486 0.00389136
61 -8.86712 -0.67508 -0.00414454
62 -4.89917 -1.50716 -0.00227467
63 -6.04519 -1.62648 -0.0010301
64 -7.73028 -1.09048 0.00023061
65 -8.9212 -1.18659 -0.00147292
66 -5.87304 0.526662 -0.00148152
67 -1.26094 -3.16145 0.00216858
68 -4.5732 -2.36806 0.00569381
69 -5.99233 -2.46476 0.000806049
70 -2.01025 -1.30923 0.000929991
71 2.10866 -4.15127 0.00515927
72 -4.6177 -5.07153 0.010749
73 -2.28396 -3.55339 0.00850656
74 -0.190554 -5.5667 0.0125076
75 6.03267 -7.43849 0.0156524
76 0.748973 -15.8341 0.00708645
77 5.54306 -1.23056 0.00788967
78 3.61298 -3.26966 0.0122738
79 4.2966 -4.74862 0.013244
80 3.67983 -1.47586 0.0052247
81 1.44723 -1.49246 0.000791782
82 -3.59805 -0.755293 0.00217161
83 1.7634 -3.43051 0.00661918
84 -1.48167 -3.57034 0.00830132
85 -4.42348 -3.4745 0.00487772
86 -3.42703 -2.38689 0.00389227
87 -3.75214 -1.72741 0.000856438
88 -2.49349 -1.53038 0.000513404
89 -2.54277 -2.71508 0.00825259
90 -4.35929 -4.47601 0.0105519
91 -2.15343 -1.69086 0.002782
92 -1.05112 -0.463827 0.00110999
93 -2.47524 0.515248 -0.00145639
94 -0.691162 0.636203 0.00101054
95 -1.00842 -0.0991468 0.000307258
96 -1.93458 -1.21134 0.00156383
97 -2.52611 -1.52175 0.00208565
98 -1.36885 -2.00674 0.000886256
99 0.765516 -3.8083 0.00797481
100 -0.493882 -7.5994 0.0153122
101 -2.20562 -5.00852 0.0121601
102 2.84043 -6.99699 0.016911
103 1.06939 -6.77858 0.0205752
104 4.0571 -2.41074 0.0167427
105 7.33193 -1.45818 0.00466147
106 7.14985 -2.31048 0.00705243
107 5.86648 -3.03098 0.0143807
108 9.28945 -5.34189 0.01556
109 8.81442 -5.33568 0.0151218
110 3.5404 -3.99863 0.00306086
111 -0.371965 -5.83333 0.0026138
112 2.56726 -3.30101 0.00317444
113 2.21848 -3.4336 0.00432185
114 1.25625 -3.51556 0.00321594
115 -0.753558 -6.12338 0.0056085
116 -5.48482 -4.09864 0.00394105
117 -5.95661 -3.23163 0.00351525
118 -6.24283 -3.59752 0.00456875
119 -3.58854 -2.78738 0.00176612
120 -4.84121 -2.14554 0.00146576
121 -10.141 -3.98414 0.00543026
122 -14.3455 -0.11487 -0.00267525
123 -9.23146 1.80256 -0.00820282
124 -12.0452 -3.37674 -0.00297359
125 -11.305 -3.79525 -0.00174815
126 -11.3542 1.27913 -0.00443923
127 -11.5293 -3.74047 -0.00191009
128 -9.07333 -1.39561 0.000567617
129 -1.40071 -4.24185 0.00945315
130 -0.244495 -5.06859 0.0124985
131 0.0500758 -6.10638 0.0124309
132 1.52649 -7.59406 0.0152397
133 1.05487 -3.0613 0.0142007
134 -1.60757 -4.45969 0.00986414
135 1.49648 -3.08107 0.0131336
136 4.48624 -3.00315 0.013749
137 10.1168 -0.625205 0.0156961
138 8.52775 -2.79129 0.00841172
139 8.89913 -3.87877 0.00410678
140 8.75807 -4.31122 0.00418535
141 7.72064 -3.65717 0.00317639
142 7.86948 -3.89435 0.0043387
143 6.62103 -3.6064 0.0032273
144 6.50409 -4.67161 0.00188443
145 6.15374 -4.12693 0.00212021
146 4.80457 -4.55528 0.00199678
147 4.50937 -2.67853 0.000645952
148 5.62239 -1.77654 0.00262577
149 3.61433 -0.757837 0.000935611
150 3.69845 -2.77312 0.0012863
151 3.4889 -2.92977 0.00932091
152 6.04469 -3.90804 0.00799591
153 4.98011 -4.14874 0.00560189
154 3.33418 -2.10841 0.00103227
155 2.61476 -2.22801 -0.00258683
156 3.24103 -1.44923 -0.00335196
157 3.5461 -2.05121 -0.00128316
158 4.19982 -2.66913 0.00167653
159 5.8645 -3.38478 0.0037987
160 11.8221 -2.61823 0.00845482
161 10.8213 -5.78959 0.011033
162 12.9986 -5.28364 0.0150594
163 13.6641 -8.39813 0.0177284
164 15.1625 -9.86218 0.02477
165 15.3195 -8.75112 0.0193939
166 15.8842 -6.71814 0.0160754
167 11.372 -4.57173 0.01241
168 13.7703 -3.85433 0.00899065
169 20.2989 -1.90014 0.0144424
170 16.3302 -6.4554 0.012643
171 13.8716 -3.63556 0.00850281
172 11.6693 -2.83073 0.0059182
173 9.97279 -1.85859 0.00263692
174 10.4379 -3.70768 0.00681033
175 12.4999 -5.21033 0.0141005
176 8.48725 -6.48523 0.0052937
177 7.56692 -5.34405 0.00214161
178 5.05582 -5.22781 0.0017009
179 8.50193 -5.50747 0.00414996
180 10.7702 -1.69407 0.00169605
181 6.71088 -5.97536 0.00252189
182 6.44887 -3.33499 0.00593566
183 12.3988 -4.38121 0.00980897
184 14.2199 1.75661 0.00176502
185 12.5576 -5.38628 0.011605
186 10.4458 -2.81665 0.00996995
187 8.80667 -3.138 0.00498389
188 11.4656 -6.23746 0.00566116
189 14.0139 -2.65087 0.00874506
190 15.9213 -2.42864 0.00837874
191 13.8589 -3.45249 0.00949914
192 11.8155 -1.35457 0.00841663
193 15.0938 0.272071 0.00446835
194 19.5589 -8.05155 0.00985321
195 15.8839 -2.13301 0.011752
196 15.3001 -3.86938 0.0138754
197 13.4784 -2.91952 0.0100119
198 12.6985 -2.87959 0.00918092
199 13.203 -4.42451 0.012121
200 15.7417 -2.28439 0.0119236
201 13.2672 -1.58295 0.0128031
202 15.195 -6.90051 0.0172647
203 14.4707 -4.88803 0.0171507
204 11.4462 -2.69684 0.0105126
205 17.3518 -0.704374 0.00845208
206 14.2807 -3.446 0.00776118
207 11.4675 -2.25645 0.00807532
208 11.1605 -3.85436 0.00973165
209 10.9431 -4.49731 0.00970247
210 9.94486 -5.78636 0.0117981
211 8.61513 -4.71085 0.0106532
212 10.1537 -4.50665 0.0107352
213 9.6417 -4.42279 0.0124917
214 8.46764 -6.15803 0.010705
215 9.11807 -5.18926 0.0113841
216 8.9883 -4.04799 0.011058
217 11.3678 -8.48139 0.0140099
218 11.1111 -5.54926 0.0145719
219 9.98703 -4.25859 0.0126955
220 8.86416 -7.08616 0.0120721
221 8.37942 -5.10523 0.00976817
222 4.97396 -0.297158 0.00292203
223 5.97126 -1.16215 0.00209149
224 3.05945 0.111154 -0.00523548
225 4.49676 -1.58996 0.000766609
226 7.70687 -0.266562 0.00201863
227 5.94066 -2.33963 0.00657668
228 8.19259 -2.63659 0.011272
229 5.70396 -2.20333 0.00860049
230 7.31148 -2.22019 0.0103259
231 10.2976 -2.46477 0.0145255
232 11.4187 -8.08854 0.0196435
233 9.83746 -8.49312 0.0199361
234 8.66582 -2.25978 0.0214448
235 11.8565 -6.77564 0.0212042
236 11.1202 -3.90448 0.019011
237 9.42115 -6.27556 0.0223568
238 11.523 -2.15665 0.0175794
239 7.12495 -2.14395 0.0105205
240 7.57957 -0.714704 0.00986149
241 7.86577 -0.517528 0.0100308
242 11.8234 -0.588711 0.00835525
243 5.56843 0.789912 0.00579327
244 4.36958 -0.699567 0.00700468
245 3.68056 1.3721 0.00247604
246 3.76007 1.90322 -0.000590474
247 2.81148 1.74591 0.00140991
248 0.708009 1.83923 0.00190641
249 1.10739 2.49642 0.000113952
250 1.16488 2.70128 -0.0011731
251 -0.285445 2.58968 -0.0002486
252 -1.47041 2.53577 -0.00166166
253 -3.26848 2.70964 -0.00378158
254 -1.91891 1.41729 0.00240972
255 -2.38639 1.2742 0.0015879
256 -2.97697 -3.66405 0.00265734
257 -3.23227 0.556213 0.00191898
258 -1.59799 0.750719 0.00149696
259 -0.999526 0.77651 0.00218932
260 -0.83616 -0.534084 0.00560979
261 -0.484411 -0.955987 0.00612276
262 -0.899476 -0.705739 0.0038202
263 0.427265 -0.846779 0.00338105
264 0.0825551 -2.76988 0.00779728
